------------------------ Overall -----------------------------------------------
#datapoints: 318
trans prob =
                   [0,6.1)    [6.1,8.1]        [8.2]   [8.3,10.3]  (10.3,16.4]
      [0,6.1)      0.14085      0.14085      0.21127      0.18310      0.32394
    [6.1,8.1]      0.07955      0.42045      0.27273      0.19886      0.02841
        [8.2]      0.01695      0.18402      0.46247      0.24213      0.09443
   [8.3,10.3]      0.00327      0.11457      0.34370      0.37643      0.16203
  (10.3,16.4]      0.01163      0.02558      0.20233      0.39767      0.36279


------------------------ Low Mach ----------------------------------------------
#datapoints: 178
trans prob =
                   [0,6.1)    [6.1,8.1]        [8.2]   [8.3,10.3]  (10.3,16.4]
      [0,6.1)      0.06061      0.15152      0.24242      0.21212      0.33333
    [6.1,8.1]      0.08537      0.37805      0.26829      0.20732      0.06098
        [8.2]      0.00784      0.17255      0.50980      0.21569      0.09412
   [8.3,10.3]      0.00279      0.08914      0.34262      0.40111      0.16435
  (10.3,16.4]      0.01245      0.01660      0.20747      0.42739      0.33610


------------------------ High Mach ---------------------------------------------
#datapoints: 140
trans prob =
                   [0,6.1)    [6.1,8.1]        [8.2]   [8.3,10.3]  (10.3,16.4]
      [0,6.1)      0.21053      0.13158      0.18421      0.15789      0.31579
    [6.1,8.1]      0.07447      0.45745      0.27660      0.19149            0
        [8.2]      0.03165      0.20253      0.38608      0.28481      0.09494
   [8.3,10.3]      0.00397      0.15079      0.34524      0.34127      0.15873
  (10.3,16.4]      0.01058      0.03704      0.19577      0.35979      0.39683



------------------------ Prosocial ---------------------------------------------
#datapoints: 120
trans prob =
                   [0,6.1)    [6.1,8.1]        [8.2]   [8.3,10.3]  (10.3,16.4]
      [0,6.1)      0.13333      0.06667      0.20000      0.10000      0.50000
    [6.1,8.1]      0.06522      0.30435      0.28261      0.28261      0.06522
        [8.2]      0.01439      0.20144      0.41007      0.25899      0.11511
   [8.3,10.3]            0      0.08434      0.32932      0.40562      0.18072
  (10.3,16.4]      0.01896      0.03318      0.17536      0.35545      0.41706


------------------------ Individualism -----------------------------------------
#datapoints: 198
trans prob =
                   [0,6.1)    [6.1,8.1]        [8.2]   [8.3,10.3]  (10.3,16.4]
      [0,6.1)      0.14634      0.19512      0.21951      0.24390      0.19512
    [6.1,8.1]      0.08462      0.46154      0.26923      0.16923      0.01538
        [8.2]      0.01825      0.17518      0.48905      0.23358      0.08394
   [8.3,10.3]      0.00552      0.13536      0.35359      0.35635      0.14917
  (10.3,16.4]      0.00457      0.01826      0.22831      0.43836      0.31050


------------------------ Age < 28 ----------------------------------------------
#datapoints: 66
trans prob =
                   [0,6.1)    [6.1,8.1]        [8.2]   [8.3,10.3]  (10.3,16.4]
      [0,6.1)      0.19048      0.14286      0.19048      0.23810      0.23810
    [6.1,8.1]      0.13462      0.55769      0.17308      0.11538      0.01923
        [8.2]      0.01333      0.22667      0.38667      0.26667      0.10667
   [8.3,10.3]      0.00877      0.12281      0.35088      0.34211      0.17544
  (10.3,16.4]      0.05479      0.04110      0.21918      0.36986      0.31507


------------------------ Age [28, 45) ------------------------------------------
#datapoints: 167
trans prob =
                   [0,6.1)    [6.1,8.1]        [8.2]   [8.3,10.3]  (10.3,16.4]
      [0,6.1)      0.06897      0.06897      0.24138      0.20690      0.41379
    [6.1,8.1]      0.07595      0.36709      0.22785      0.30380      0.02532
        [8.2]      0.00909      0.15000      0.51818      0.22727      0.09545
   [8.3,10.3]            0      0.11461      0.31519      0.40401      0.16619
  (10.3,16.4]      0.00412      0.02058      0.20165      0.39506      0.37860


------------------------ Age >= 45 ---------------------------------------------
#datapoints: 81
trans prob =
                   [0,6.1)    [6.1,8.1]        [8.2]   [8.3,10.3]  (10.3,16.4]
      [0,6.1)      0.21053      0.26316      0.10526      0.10526      0.31579
    [6.1,8.1]      0.02381      0.35714      0.47619      0.09524      0.04762
        [8.2]      0.02703      0.21622      0.41441      0.26126      0.08108
   [8.3,10.3]      0.00694      0.09722      0.40972      0.34028      0.14583
  (10.3,16.4]            0      0.01818      0.19091      0.42727      0.36364


------------------------ Male --------------------------------------------------
#datapoints: 173
trans prob =
                   [0,6.1)    [6.1,8.1]        [8.2]   [8.3,10.3]  (10.3,16.4]
      [0,6.1)      0.21053      0.10526      0.31579      0.13158      0.23684
    [6.1,8.1]      0.05814      0.40698      0.27907      0.20930      0.04651
        [8.2]      0.01163      0.15891      0.52326      0.21318      0.09302
   [8.3,10.3]      0.00621      0.10248      0.36335      0.38509      0.14286
  (10.3,16.4]      0.01327      0.03097      0.20354      0.36726      0.38496


------------------------ Female ------------------------------------------------
#datapoints: 145
trans prob =
                   [0,6.1)    [6.1,8.1]        [8.2]   [8.3,10.3]  (10.3,16.4]
      [0,6.1)      0.06061      0.18182      0.09091      0.24242      0.42424
    [6.1,8.1]      0.10000      0.43333      0.26667      0.18889      0.01111
        [8.2]      0.02581      0.22581      0.36129      0.29032      0.09677
   [8.3,10.3]            0      0.12803      0.32180      0.36678      0.18339
  (10.3,16.4]      0.00980      0.01961      0.20098      0.43137      0.33824


------------------------ Below Bachelors ---------------------------------------
#datapoints: 141
trans prob =
                   [0,6.1)    [6.1,8.1]        [8.2]   [8.3,10.3]  (10.3,16.4]
      [0,6.1)      0.11111      0.08333      0.19444      0.22222      0.38889
    [6.1,8.1]      0.13158      0.36842      0.26316      0.22368      0.01316
        [8.2]      0.01676      0.19553      0.48045      0.20112      0.10615
   [8.3,10.3]      0.00386      0.13514      0.30502      0.38610      0.16988
  (10.3,16.4]      0.02010      0.02513      0.19598      0.36683      0.39196

------------------------ Bachelors ---------------------------------------------
#datapoints: 116
trans prob =
                   [0,6.1)    [6.1,8.1]        [8.2]   [8.3,10.3]  (10.3,16.4]
      [0,6.1)      0.11111      0.08333      0.19444      0.22222      0.38889
    [6.1,8.1]      0.13158      0.36842      0.26316      0.22368      0.01316
        [8.2]      0.01676      0.19553      0.48045      0.20112      0.10615
   [8.3,10.3]      0.00386      0.13514      0.30502      0.38610      0.16988
  (10.3,16.4]      0.02010      0.02513      0.19598      0.36683      0.39196


------------------------ Graduate ----------------------------------------------
#datapoints: 32
trans prob =
                   [0,6.1)    [6.1,8.1]        [8.2]   [8.3,10.3]  (10.3,16.4]
      [0,6.1)      0.11111      0.22222      0.16667      0.16667      0.33333
    [6.1,8.1]      0.05479      0.54795      0.20548      0.16438      0.02740
        [8.2]      0.02239      0.23881      0.41791      0.26119      0.05970
   [8.3,10.3]      0.00420      0.07563      0.34454      0.40336      0.17227
  (10.3,16.4]            0      0.02367      0.17751      0.42012      0.37870



